2
1
2
1
1
2
1
1
1
1
2
1
10
1
1
3
1
2
1
2
1
1
1
1
1
2
2
2
1
1
1
1
2
1
1
1
1
2
1
4
1
4
1
3
1
4
2
1
1
1
6
1
3
1
1
1
73
9
1
50
2
2
2
1
1
1
2
1
1
1
1
2
2
1
1
1
1
1
1
1
1
1
3
2
1
2
1
1
2
1
3
2
4
7
1
1
2
15
1
7
1
2
2
1
1
1
1
1
1
3
1
1
1
2
1
1
2
1
1
1
1
4
1
1
1
4
1
1
3
1
1
1
1
1
1
1
5
9
1
2
1
4
1
1
1
1
4
1
1
1
2
1
1
1
2
1
1
2
2
2
5
2
3
1
3
1
1
1
5
1
1
1
2
1
4
1
1
1
1
1
1
1
1
1
1
1
1
1
1
1
1
1
1
1
24
4
1
2
1
1
1
1
1
1
2
1
1
1
1
1
1
8
4
4
14
1
1
2
1
1
2
1
1
1
1
3
1
4
4
1
1
1
1
1
5
2
1
2
3
1
1
1
1
7
1
2
5
2
1
1
1
1
1
1
4
2
2
3
1
1
3
1
3
2
1
1
4
2
1
1
1
1
1
1
1
1
1
1
1
1
1
4
1
4
1
1
1
1
2
1
2
1
1
2
1
5
1
1
1
4
8
6
1
1
2
1
1
1
1
1
1
4
1
1
3
1
1
1
1
1
4
3
1
1
1
2
1
1
1
1
1
1
1
1
1
1
6
2
1
5
1
1
1
2
1
2
4
1
5
2
1
3
1
2
1
3
1
4
1
1
1
3
1
26
1
1
4
8
1
1
9
5
1
4
1
1
1
30
1
1
1
2
1
1
1
1
1
1
1
1
1
1
1
1
1
1
3
1
1
1
2
1
1
1
1
5
1
2
1
1
1
1
2
1
1
1
1
1
1
1
2
1
1
1
2
1
1
2
1
1
1
1
2
1
1
4
2
8
1
1
1
1
1
1
2
1
1
1
4
2
1
3
2
1
1
2
1
3
1
1
1
1
1
2
2
1
1
1
1
1
1
1
1
1
1
7
3
1
1
5
1
1
4
1
1
2
1
1
1
5
6
1
1
1
2
1
2
5
2
1
2
1
2
1
2
4
1
1
2
1
1
2
1
1
8
2
1
2
2
1
1
1
4
1
2
9
1
1
